%% DO NOT EDIT BELOW THIS LINE
mdl_hyper3d(20)
q = [
    0.8147
    0.9058
    0.1270
    0.9134
    0.6324
    0.0975
    0.2785
    0.5469
    0.9575
    0.9649
    0.1576
    0.9706
    0.9572
    0.4854
    0.8003
    0.1419
    0.4218
    0.9157
    0.7922
    0.9595 ];

V = [0.3 0.2 -0.1 0.1 0.2 0.3]'; % end-effector velocity
    
%% YOUR ANSWERS BELOW THIS LINE

qd = 
      
